101010100
101020100
101030100
101040100
101050101
101060101
101070101
101080101
101090101
101100101
101110101
101120101
101130101
101140101
101150101
101160101
101170101
101180101
101190101
101200101
101210101
101220101
101230101
101240101
101250101
101260101
101270101
101280101
101280601
101290101
101300101
101300901
101300904
101310101
101320101
101330101
101340101
79754
101340203
101340401
101340204
A9E1
101340102
101340103
101340402
101340403
101340404
884E
101340202
101340201
101340205
101340104
101340405
101230503
101230105
753A2